-512    1049.131623504493
-511    1045.0132437697214
-510    1040.6743122412458
-509    1036.11638077139
-508    1031.3410471101097
-507    1026.3499544038073
-506    1021.1447906851361
-505    1015.7272883538999
-504    1010.0992236491936
-503    1004.2624161128969
-502    998.218728044671
-501    991.9700639485922
-500    985.5183699715287
-499    978.86563333344
-498    972.0138817497029
-497    964.96518284562
-496    957.7216435632478
-495    950.2854095606901
-494    942.6586646039898
-493    934.8436299517749
-492    926.842563732805
-491    918.657760316564
-490    910.291549677039
-489    901.7462967498502
-488    893.0244007828763
-487    884.1282946805318
-486    875.0604443418474
-485    865.8233479924951
-484    856.4195355109603
-483    846.851567748947
-482    837.1220358462515
-481    827.2335605402011
-480    817.1887914698664
-479    806.9904064751572
-478    796.6411108910391
-477    786.1436368369572
-476    775.5007425016697
-475    764.7152114236729
-474    753.7898517673409
-473    742.7274955949954
-472    731.5309981350238
-471    720.2032370462647
-470    708.7471116787938
-469    697.1655423312986
-468    685.4614695052114
-467    673.637853155762
-466    661.6976719401539
-465    649.6439224629786
-464    637.4796185191158
-463    625.207790334236
-462    612.8314838031131
-461    600.3537597259002
-460    587.7776930425713
-459    575.1063720656732
-458    562.3428977116047
-457    549.4903827305524
-456    536.5519509353126
-455    523.5307364291366
-454    510.42988283278464
-453    497.25254251100506
-452    484.00187579856157
-451    470.68105022601674
-450    457.2932397454645
-449    443.8416239563695
-448    430.32938733167606
-447    416.75971844442233
-446    403.1358091949877
-445    389.4608540391672
-444    375.7380492172649
-443    361.9705919843677
-442    348.16167984200496
-441    334.31450977131783
-440    320.4322774680033
-439    306.5181765791225
-438    292.57539794201136
-437    278.60712882544476
-436    264.6165521732438
-435    250.60684585048566
-434    236.58118189252434
-433    222.54272575696004
-432    208.4946355787589
-431    194.440061428702
-430    180.38214457529395
-429    166.32401675039122
-428    152.26879941860804
-427    138.21960305078764
-426    124.17952640162004
-425    110.15165579164163
-424    96.13906439373014
-423    82.14481152432447
-422    68.17194193947856
-421    54.223485135967465
-420    40.30245465756534
-419    26.411847406708368
-418    12.554642961658345
-417    -1.2661971006296397
-416    -15.047729875789933
-415    -28.787031797340155
-414    -42.4811992957721
-413    -56.127349451345104
-412    -69.72262064038563
-411    -83.2641731749355
-410    -96.74918993561514
-409    -110.17487699755937
-408    -123.53846424921417
-407    -136.83720600392815
-406    -150.0683816041222
-405    -163.22929601793058
-404    -176.31728042815217
-403    -189.3296928133632
-402    -202.2639185210871
-401    -215.11737083281423
-400    -227.88749152081652
-399    -240.57175139653842
-398    -253.16765085049494
-397    -265.67272038351587
-396    -278.0845211292039
-395    -290.4006453674821
-394    -302.6187170291181
-393    -314.7363921910767
-392    -326.75135956259396
-391    -338.66134096186477
-390    -350.464091783188
-389    -362.1574014544965
-388    -373.7390938851263
-387    -385.2070279037474
-386    -396.559097686301
-385    -407.7932331738825
-384    -418.9074004804461
-383    -429.8996022902229
-382    -440.7678782447674
-381    -451.51030531953114
-380    -462.1249981898639
-379    -472.6101095863621
-378    -482.9638306394635
-377    -493.1843912132122
-376    -503.2700602281086
-375    -513.2191459729468
-374    -523.029996405605
-373    -532.7009994426481
-372    -542.2305832377383
-371    -551.617216448733
-370    -560.8594084934316
-369    -569.9557097938947
-368    -578.9047120092785
-367    -587.7050482571242
-366    -596.3553933230567
-365    -604.8544638588196
-364    -613.2010185686261
-363    -621.3938583837512
-362    -629.4318266253379
-361    -637.3138091553838
-360    -645.0387345158506
-359    -652.6055740558754
-358    -660.013342047059
-357    -667.2610957867957
-356    -674.3479356896112
-355    -681.2730053665073
-354    -688.0354916922917
-353    -694.6346248608505
-352    -701.069678428405
-351    -707.3399693446881
-350    -713.4448579720695
-349    -719.3837480926361
-348    -725.1560869031844
-347    -730.7613649981905
-346    -736.1991163407117
-345    -741.46891822127
-344    -746.5703912047087
-343    -751.5031990650637
-342    -756.2670487084424
-341    -760.8616900839656
-340    -765.2869160827759
-339    -769.5425624251698
-338    -773.6285075358655
-337    -777.5446724074627
-336    -781.2910204521238
-335    -784.8675573415385
-334    -788.2743308352083
-333    -791.5114305971042
-332    -794.5789880007628
-331    -797.4771759228768
-330    -800.2062085254337
-329    -802.7663410264889
-328    -805.1578694596221
-327    -807.3811304221658
-326    -809.4365008122767
-325    -811.3243975549321
-324    -813.0452773169302
-323    -814.5996362109902
-322    -815.9880094890382
-321    -817.2109712247639
-320    -818.269133985566
-319    -819.1631484939699
-318    -819.8937032786209
-317    -820.4615243149763
-316    -820.8673746557884
-315    -821.1120540515038
-314    -821.1963985606934
-313    -821.1212801506281
-312    -820.8876062881359
-311    -820.4963195208479
-310    -819.9483970489905
-309    -819.2448502878223
-308    -818.3867244208889
-307    -817.3750979441995
-306    -816.2110822015018
-305    -814.8958209107652
-304    -813.430489682054
-303    -811.8162955269195
-302    -810.0544763594733
-301    -808.146300489298
-300    -806.0930661063578
-299    -803.8961007580674
-298    -801.5567608186893
-297    -799.0764309512233
-296    -796.456523561966
-295    -793.698478247906
-294    -790.8037612371395
-293    -787.7738648224779
-292    -784.6103067884376
-291    -781.314629831785
-290    -777.8884009758382
-289    -774.3332109786975
-288    -770.6506737356112
-287    -766.8424256756617
-286    -762.9101251529714
-285    -758.8554518326222
-284    -754.680106071502
-283    -750.3858082942601
-282    -745.9742983645946
-281    -741.4473349520711
-280    -736.8066948946803
-279    -732.054172557346
-278    -727.1915791865977
-277    -722.2207422616208
-276    -717.143504841898
-275    -711.9617249116659
-274    -706.6772747213959
-273    -701.2920401265294
-272    -695.807919923685
-271    -690.2268251845612
-270    -684.5506785877591
-269    -678.7814137487571
-268    -672.9209745482514
-267    -666.9713144591083
-266    -660.934395872142
-265    -654.8121894209596
-264    -648.606673306096
-263    -642.3198326186791
-262    -635.9536586638512
-261    -629.5101482841858
-260    -622.9913031833278
-259    -616.3991292500996
-258    -609.7356358833053
-257    -603.0028353174605
-256    -596.2027419496987
-255    -589.337371668082
-254    -582.4087411815493
-253    -575.4188673517438
-252    -568.3697665269591
-251    -561.26345387843
-250    -554.1019427392122
-249    -546.8872439458901
-248    -539.6213651833357
-247    -532.3063103327601
-246    -524.9440788233057
-245    -517.5366649873843
-244    -510.0860574200205
-243    -502.59423834242523
-242    -495.0631829700199
-241    -487.4948588851596
-240    -479.891225414775
-239    -472.2542330131642
-238    -464.5858226501563
-237    -456.8879252048874
-236    -449.1624608653949
-235    -441.41133853427374
-234    -433.6364552405963
-233    -425.8396955583317
-232    -418.02293103147593
-231    -410.1880196061093
-230    -402.336805069603
-229    -394.4711164971739
-228    -386.5927677060139
-227    -378.7035567171953
-226    -370.80526522554925
-225    -362.89965807774126
-224    -354.9884827587322
-223    -347.07346888682423
-222    -339.1563277174878
-221    -331.23875165617324
-220    -323.32241378028465
-219    -315.40896737051264
-218    -307.5000454517078
-217    -299.59726034348455
-216    -291.70220322071197
-215    -283.81644368410537
-214    -275.9415293410483
-213    -268.07898539685084
-212    -260.2303142565878
-211    -252.3969951376788
-210    -244.58048369339372
-209    -236.78221164739807
-208    -229.00358643952782
-207    -221.24599088291927
-206    -213.5107828326393
-205    -205.79929486596015
-204    -198.11283397441605
-203    -190.45268126776153
-202    -182.8200916899765
-201    -175.21629374740868
-200    -167.64248924922003
-199    -160.099853060197
-198    -152.58953286607525
-197    -145.11264895145536
-196    -137.67029399043335
-195    -130.2635328500176
-194    -122.89340240643756
-193    -115.56091137442331
-192    -108.26704014954294
-191    -101.0127406636536
-190    -93.79893625356681
-189    -86.62652154296796
-188    -79.49636233766282
-187    -72.40929553418587
-186    -65.36612904186035
-185    -58.36764171830541
-184    -51.41458331846937
-183    -44.50767445718316
-182    -37.647606585304686
-181    -30.83504197944481
-180    -24.070613745288313
-179    -17.354925834552944
-178    -10.688553075561032
-177    -4.072041217425294
-176    2.4940930121390466
-175    9.009361835405599
-174    15.473306339643983
-173    21.88549637856653
-172    28.245530460244822
-171    34.55303562152875
-170    40.807667289028174
-169    47.009109126674545
-168    53.1570728699366
-167    59.25129814675243
-166    65.29155228524013
-165    71.27763010823976
-164    77.20935371480157
-163    83.08657224867342
-162    88.90916165389439
-161    94.677024417585
-160    100.39008930003956
-159    106.0483110522182
-158    111.65167012077536
-157    117.20017234072705
-156    122.69384861588738
-155    128.13275458720943
-154    133.51697028917397
-153    138.84659979436253
-152    144.12177084637213
-151    149.34263448122283
-150    154.5093646374287
-149    159.62215775489813
-148    164.68123236282943
-147    169.68682865680705
-146    174.6392080652451
-145    179.53865280542075
-144    184.3854654292471
-143    189.17996835902676
-142    193.92250341337453
-141    198.61343132352548
-140    203.2531312402749
-139    207.84200023172463
-138    212.3804527721358
-137    216.86892022205748
-136    221.3078503000211
-135    225.69770654603795
-134    230.0389677771359
-133    234.33212753520638
-132    238.57769352743773
-131    242.77618705957576
-130    246.92814246230506
-129    251.03410651102413
-128    255.09463783929266
-127    259.11030634624797
-126    263.0816925982658
-125    267.0093872251913
-124    270.8939903113953
-123    274.7361107820187
-122    278.53636578466063
-121    282.29538006686283
-120    286.01378534967057
-119    289.6922196976421
-118    293.33132688557174
-117    296.9317557622995
-116    300.4941596119263
-115    304.0191955127565
-114    307.50752369432513
-113    310.95980689284085
-112    314.3767097053856
-111    317.75889794323496
-110    321.10703798462646
-109    324.4217961273385
-108    327.70383794144766
-107    330.9538276225928
-106    334.17242734612546
-105    337.3602966225118
-104    340.51809165431956
-103    343.64646469519954
-102    346.7460634111703
-101    349.8175302446332
-100    352.86150178143674
-99    355.8786081213876
-98    358.86947225256847
-97    361.83470942983524
-96    364.77492655785414
-95    367.6907215790741
-94    370.5826828669733
-93    373.45138862497885
-92    376.29740629141764
-91    379.12129195086686
-90    381.92358975227336
-89    384.7048313342241
-88    387.46553525771856
-87    390.20620644681406
-86    392.9273356375151
-85    395.629398835267
-84    398.31285678141114
-83    400.97815442896615
-82    403.62572042809444
-81    406.2559666215952
-80    408.8692875507984
-79    411.46605997219484
-78    414.04664238514073
-77    416.6113745710098
-76    419.1605771440919
-75    421.6945511146146
-74    424.21357746418977
-73    426.7179167340271
-72    429.2078086262474
-71    431.6834716185835
-70    434.145102592826
-69    436.5928764772881
-68    439.026945903619
-67    441.44744087824455
-66    443.8544684687451
-65    446.24811250546264
-64    448.62843329859305
-63    450.99546737106937
-62    453.3492272074943
-61    455.6897010193805
-60    458.01685252695796
-59    460.3306207578113
-58    462.6309198625634
-57    464.91763894786857
-56    467.1906419269204
-55    469.44976738770436
-54    471.69482847921665
-53    473.9256128158215
-52    476.14188239998543
-51    478.34337356353376
-50    480.52979692763915
-49    482.70083738168574
-48    484.85615408119656
-47    486.9953804649414
-46    489.1181242913974
-45    491.22396769467196
-44    493.31246726002206
-43    495.38315411907405
-42    497.4355340648474
-41    499.4690876866768
-40    501.4832705251037
-39    503.4775132468191
-38    505.45122183970466
-37    507.4037778280276
-36    509.3345385078201
-35    511.24283720247263
-34    513.1279835385558
-33    514.9892637418617
-32    516.8259409536752
-31    518.6372555672277
-30    520.4224255843257
-29    522.1806469920875
-28    523.9110941597427
-27    525.6129202554164
-26    527.2852576828216
-25    528.9272185377567
-24    530.5378950843084
-23    532.1163602506299
-22    533.6616681441686
-21    535.17285458619
-20    536.6489376654429
-19    538.0889183107882
-18    539.4917808826107
-17    540.8564937828064
-16    542.1820100831451
-15    543.4672681717666
-14    544.7111924175861
-13    545.912693852346
-12    547.0706708700525
-11    548.1840099435178
-10    549.2515863577121
-9    550.2722649596219
-8    551.2449009242939
-7    552.1683405367314
-6    553.0414219892962
-5    553.862976194256
-4    554.631827611107
-3    555.3467950882803
-2    556.006692718836
-1    556.6103307097316
0    557.156516264238
1    557.6440544770644
2    558.071749241739
3    558.4384041697851
4    558.7428235212091
5    558.9838131458131
6    559.1601814348332
7    559.2707402823803
8    559.3143060561632
9    559.2897005769532
10    559.1957521062357
11    559.0312963414881
12    558.7951774185133
13    558.486248920234
14    558.1033748913577
15    557.6454308583018
16    557.111304853761
17    556.499898445283
18    555.8101277672187
19    555.0409245553923
20    554.1912371838347
21    553.2600317029066
22    552.2462928781365
23    551.1490252290823
24    549.967254067523
25    548.7000265342749
26    547.3464126339132
27    545.9055062666905
28    544.3764262569068
29    542.7583173770144
30    541.0503513666949
31    539.2517279461765
32    537.3616758230303
33    535.3794536916761
34    533.304351224849
35    531.1356900562405
36    528.872824753546
37    526.5151437811367
38    524.0620704515763
39    521.5130638651865
40    518.8676198368865
41    516.1252718094988
42    513.2855917527389
43    510.34819104709095
44    507.3127213517707
45    504.1788754559827
46    500.9463881126683
47    497.6150368539646
48    494.1846427875593
49    490.6550713731591
50    487.02623317828255
51    483.29808461258034
52    479.4706286399073
53    475.54391546735354
54    471.51804321047103
55    467.3931585339044
56    463.1694572666783
57    458.8471849913673
58    454.42663760639846
59    449.90816186073704
60    445.2921558602197
61    440.5790695447955
62    435.7694051359625
63    430.86371755367935
64    425.8626148020579
65    420.76675832312554
66    415.5768633180027
67    410.2936990348131
68    404.918089022669
69    399.4509113510931
70    393.89309879424513
71    388.24563897935707
72    382.5095744987423
73    376.68600298483244
74    370.7760771476586
75    364.7810047742207
76    358.7020486892402
77    352.5405266767453
78    346.2978113620384
79    339.9753300535277
80    333.57456454400864
81    327.09705087093664
82    320.544379035297
83    313.91819267866197
84    307.2201887181
85    300.45211693857084
86    293.61577954250146
87    286.71303065623385
88    279.7457757931123
89    272.71597127292233
90    265.62562359751115
91    258.4767887823686
92    251.27157164403164
93    244.0121250431709
94    236.7006490832567
95    229.33939026474934
96    221.9306405947462
97    214.4767366520924
98    206.9800586079746
99    199.4430292020392
100    191.86811267414475
101    184.25781365182576
102    176.6146759936618
103    168.94128158870356
104    161.24024911220653
105    153.51423273788998
106    145.76592080705214
107    137.99803445481515
108    130.21332619393053
109    122.41457845646734
110    114.6046020938774
111    106.78623483587505
112    98.96233970866415
113    91.13580341303648
114    83.30953466294667
115    75.48646248517976
116    67.66953448077687
117    59.86171504892482
118    52.06598357403712
119    44.285332576822285
120    36.522765830161035
121    28.78129644064184
122    21.0639448966578
123    13.373737084010642
124    5.713702270000525
125    -1.913128942980748
126    -9.50372669328712
127    -17.05506396419571
128    -24.56411871526953
129    -32.027876039744015
130    -39.44333034668021
131    -46.80748756667663
132    -54.117367379796534
133    -61.37000546438044
134    -68.56245576538244
135    -75.69179278079783
136    -82.75511386472104
137    -89.74954154555218
138    -96.67222585781387
139    -103.52034668601007
140    -110.29111611890578
141    -116.9817808126114
142    -123.5896243607717
143    -130.11196967013365
144    -136.5461813397748
145    -142.88966804217625
146    -149.13988490435025
147    -155.29433588712217
148    -161.35057616075892
149    -167.30621447493962
150    -173.15891552119928
151    -178.9064022858225
152    -184.54645839119652
153    -190.07693042359645
154    -195.4957302453294
155    -200.80083728916338
156    -205.99030083293138
157    -211.06224225215755
158    -216.01485724857613
159    -220.84641805234025
160    -225.55527559573903
161    -230.13986165619662
162    -234.598690966319
163    -238.93036328874274
164    -243.1335654535186
165    -247.20707335574153
166    -251.14975391116212
167    -254.96056696743716
168    -258.63856716875824
169    -262.1829057715097
170    -265.5928324086424
171    -268.86769680044506
172    -272.0069504093852
173    -275.0101480366822
174    -277.87694935830973
175    -280.60712039809425
176    -283.2005349355827
177    -285.65717584641504
178    -287.97713637284306
179    -290.1606213221859
180    -292.2079481908787
181    -294.1195482119142
182    -295.89596732341306
183    -297.53786705612663
184    -299.0460253376573
185    -300.4213372112648
186    -301.6648154670736
187    -302.7775911836218
188    -303.7609141776337
189    -304.61615336000546
190    -305.3447969959776
191    -305.9484528675491
192    -306.42884833618257
193    -306.78783030397136
194    -307.02736507138206
195    -307.1495380898395
196    -307.15655360740215
197    -307.0507342058711
198    -306.83452022770734
199    -306.51046909121703
200    -306.0812544925108
201    -305.5496654928174
202    -304.9186054897919
203    -304.19109107155924
204    -303.3702507522571
205    -302.4593235879674
206    -301.4616576719952
207    -300.3807085085076
208    -299.2200372636687
209    -297.98330889348716
210    -296.67429014765014
211    -295.29684744876704
212    -293.85494464649963
213    -292.3526406461771
214    -290.7940869115821
215    -289.1835248417165
216    -287.5252830214518
217    -285.823774346084
218    -284.0834930199209
219    -282.30901142914763
220    -280.5049768893554
221    -278.6761082681991
222    -276.827192483804
223    -274.96308087966577
224    -273.0886854769076
225    -271.20897510489044
226    -269.32897141130604
227    -267.45374475303277
228    -265.58840996914716
229    -263.7381220376502
230    -261.90807161758164
231    -260.10348047837533
232    -258.32959681842385
233    -256.59169047498136
234    -254.8950480276895
235    -253.24496779815811
236    -251.6467547481737
237    -250.1057152792961
238    -248.62715193671946
239    -247.2163580204734
240    -245.87861210715116
241    -244.61917248557387
242    -243.44327150989704
243    -242.3561098738689
244    -241.3628508101195
245    -240.46861421846185
246    -239.6784707274471
247    -238.99743569348664
248    -238.43046314208257
249    -237.98243965584314
250    -237.65817821412276
251    -237.46241198932003
252    -237.3997881049878
253    -237.47486136111354
254    -237.69208793205436
255    -238.05581904281203
256    -238.5702946294514
257    -239.23963698967
258    -240.0678444296288
259    -241.05878491337972
260    -242.21618972130477
261    -243.54364712419817
262    -245.04459607972916
263    -246.7223199581867
264    -248.57994030455745
265    -250.62041064411102
266    -252.84651033882056
267    -255.2608385020801
268    -257.8658079792933
269    -260.6636394020555
270    -263.6563553237642
271    -266.84577444460797
272    -270.2335059339985
273    -273.8209438586239
274    -277.60926172439287
275    -281.59940714064624
276    -285.7920966150961
277    -290.18781048804215
278    -294.7867880144886
279    -299.58902260286067
280    -304.5942572190799
281    -309.80197996481803
282    -315.2114198387917
283    -320.82154269001956
284    -326.6310473719597
285    -332.6383621065204
286    -338.84164106690116
287    -345.2387611882673
288    -351.82731921523487
289    -358.604628995137
290    -365.56771902601383
291    -372.71333026825766
292    -380.03791422875287
293    -387.53763132634685
294    -395.2083495473888
295    -403.0456433999975
296    -411.0447931756422
297    -419.2007845264952
298    -427.50830836692603
299    -435.96176110734325
300    -444.5552452284876
301    -453.2825702040812
302    -462.13725377959827
303    -471.11252361473066
304    -480.2013192969043
305    -489.3962947330198
306    -498.6898209263327
307    -508.07398914515335
308    -517.5406144897989
309    -527.0812398639252
310    -536.6871403561039
311    -546.3493280371763
312    -556.0585571786042
313    -565.8053298966854
314    -575.5799022271475
315    -585.3722906342531
316    -595.1722789581484
317    -604.9694258037925
318    -614.753072374337
319    -624.5123507514234
320    -634.2361926243549
321    -643.9133384696378
322    -653.5323471818749
323    -663.0816061564735
324    -672.5493418240738
325    -681.9236306360701
326    -691.1924104999875
327    -700.3434926628926
328    -709.3645740404102
329    -718.2432499882473
330    -726.9670275125137
331    -735.5233389144186
332    -743.8995558642498
333    -752.0830038988274
334    -760.0609773358893
335    -767.820754598129
336    -775.349613938826
337    -782.6348495602493
338    -789.6637881151845
339    -796.4238055811522
340    -802.9023444960224
341    -809.086931542897
342    -814.9651954712701
343    -820.5248853405772
344    -825.7538890713711
345    -830.64025228844
346    -835.1721974392647
347    -839.3381431702758
348    -843.1267239424285
349    -846.5268098666513
350    -849.5275267387451
351    -852.1182762523606
352    -854.2887563676552
353    -856.0289818122706
354    -857.3293046902495
355    -858.180435173505
356    -858.5734622494617
357    -858.499874497448
358    -857.951580865426
359    -856.9209314176021
360    -855.4007380224896
361    -853.3842949499166
362    -850.8653993445344
363    -847.8383715423254
364    -844.2980751956278
365    -840.2399371712352
366    -835.6599671851018
367    -830.5547771362653
368    -824.9216001016428
369    -818.758308952398
370    -812.0634345517069
371    -804.8361834928344
372    -797.0764553355782
373    -788.7848592982866
374    -779.9627303618756
375    -770.6121447414637
376    -760.7359346805116
377    -750.3377025216636
378    -739.4218340077857
379    -727.9935107661297
380    -716.0587219279139
381    -703.6242748351506
382    -690.6978047860201
383    -677.2877837697338
384    -663.4035281414142
385    -649.0552051872863
386    -634.2538385302224
387    -619.0113123255179
388    -603.3403741967444
389    -587.2546368614835
390    -570.7685783968583
391    -553.8975410949682
392    -536.6577288585456
393    -519.0662030875986
394    -501.14087700819664
395    -482.90050839518415
396    -464.3646906412486
397    -445.553842125607
398    -426.4891938364715
399    -407.1927752025163
400    -387.6873980897264
401    -367.99663892136647
402    -348.1448188802142
403    -328.1569821538335
404    -308.05887218543734
405    -287.87690589477506
406    -267.6381458355613
407    -247.37027025825205
408    -227.10154104935697
409    -206.86076952108778
410    -186.67728002798958
411    -166.58087139011485
412    -146.6017761055403
413    -126.77061733840202
414    -107.11836367224996
415    -87.67628162228789
416    -68.47588590419682
417    -49.54888746141634
418    -30.92713925736689
419    -12.642579843753595
420    5.272825278832215
421    22.787144486620775
422    39.8685430177062
423    56.48534808375439
424    72.60611606960543
425    88.19970177571975
426    103.23532965184256
427    117.68266696333711
428    131.51189882451195
429    144.69380502583215
430    157.1998385740934
431    169.00220585665897
432    180.07394833245831
433    190.3890256438338
434    199.92240003430481
435    208.65012194813434
436    216.54941667789228
437    223.59877191643287
438    229.77802605940641
439    235.06845709400014
440    239.4528718987109
441    242.91569576788382
442    245.4430619633224
443    247.02290108351238
444    247.64503002905897
445    247.30124033057442
446    245.98538559274533
447    243.69346779541064
448    240.423722179427
449    236.1767004317641
450    230.9553518706482
451    224.7651023178952
452    217.6139303314952
453    209.512440457415
454    200.47393314531413
455    190.51447095835093
456    179.65294069284687
457    167.91111100888503
458    155.31368515834387
459    141.88834838226637
460    127.66580953479463
461    112.67983647655049
462    96.96728476584632
463    80.56811916208088
464    63.52542744167843
465    45.885426013394735
466    27.69745680655943
467    9.013974893159656
468    -10.10947370765934
469    -29.614284605552328
470    -49.43883856916834
471    -69.51855659436424
472    -89.78596710327058
473    -110.17078587502508
474    -130.60000931576494
475    -150.99802168089806
476    -171.2867168665612
477    -191.3856353894224
478    -211.21211717427047
479    -230.68147076717003
480    -249.7071595878495
481    -268.2010058284879
482    -286.0734125966079
483    -303.2336048873821
484    -319.5898899547663
485    -335.0499376312788
486    -349.521081122576
487    -362.9106387747412
488    -375.1262572791175
489    -386.076276740927
490    -395.67011799347085
491    -403.81869248868054
492    -410.43483503667
493    -415.4337596009776
494    -418.73353828164187
495    -420.25560353427534
496    -419.9252735790225
497    -417.67230084758876
498    -413.4314431984301
499    -407.1430574982852
500    -398.75371502129053
501    -388.21683795322735
502    -375.49335610652554
503    -360.55238274924915
504    -343.3719082266089
505    -323.939509803868
506    -302.2530758822649
507    -278.321542431666
508    -252.16563914152317
509    -223.81864241139982
510    -193.32713187938515
511    -160.75174671576423
512    -126.1679373846548
